-7.990685914038835047e-02
-5.993014435529124551e-02
-4.794411548423300334e-02
-3.995342957019417524e-02
-2.996507217764562275e-02
-1.997671478509708762e-02
-1.198602887105825084e-02
-3.995342957019417524e-03
-1.997671478509708762e-03
-0.000000000000000000e+00
0.000000000000000000e+00
1.997671478509708762e-03
3.995342957019417524e-03
1.198602887105825084e-02
1.997671478509708762e-02
2.996507217764562275e-02
3.995342957019417524e-02
4.794411548423300334e-02
5.993014435529124551e-02
7.990685914038835047e-02
